501.52
162.81
495.98
146.05
488.45
128.43
494.31
239.81
184.87
321.83
184.28
130.36
218.38
425.30
228.14
490.23
447.64
320.11
429.38
413.35
350.49
128.19
202.63
205.58
440.03
182.13
288.52
227.30
190.01
439.79
322.53
349.74
349.60
186.59
212.61
227.49
347.90
129.82
414.12
352.17
132.41
190.71
228.58
321.33
127.61
133.85
500.53
176.96
317.82
326.96
413.17
355.56
176.30
439.89
370.34
358.04
488.39
326.29
134.56
441.58
125.24
223.15
326.08
188.78
448.30
350.30
329.49
416.87
505.50
505.66
323.92
302.60
130.06
496.31
225.21
374.85
158.66
349.71
346.75
203.44
225.11
226.48
224.67
159.72
300.28
430.38
192.16
243.84
179.65
328.04
200.28
326.10
361.92
178.06
306.61
315.40
357.08
239.28
324.25
337.62
792.92
1546.92
773.67
1732.96
1222.89
611.24
1471.69
1484.02
764.88
1475.08
690.54
1494.86
1416.13
1638.64
1562.07
1508.71
749.57
704.77
1288.87
756.59
1679.65
1689.60
753.36
1112.34
795.47
1630.33
799.32
673.80
603.04
729.29
1482.98
972.49
976.75
743.05
1478.00
792.46
1193.97
1411.80
1485.97
877.08
574.16
939.76
1123.05
729.47
985.14
1384.98
1625.30
1545.50
754.16
1485.20
769.15
1580.58
1077.85
1553.61
1370.17
810.82
1167.54
1310.55
754.45
732.56
1304.09
633.14
1118.38
938.53
1513.52
1437.49
780.09
727.42
1679.78
434.22
751.41
958.86
792.10
1106.28
1350.33
1458.15
1618.84
774.63
681.23
713.41
1531.54
1290.94
800.12
1708.62
1008.12
1131.68
809.62
756.09
847.26
1481.13
1574.02
1311.70
943.96
571.05
488.07
1189.97
993.67
736.64
714.45
829.87
1885.26
1626.70
1509.21
1004.28
1615.73
2097.36
1205.19
1048.12
1089.78
1787.38
1548.47
1456.62
1612.20
1120.44
1827.00
1764.68
1583.94
1111.39
1967.44
1619.69
1065.31
1361.07
1910.14
1779.57
1819.59
1454.92
1258.26
1813.25
995.98
1621.48
629.36
1522.33
1239.39
1280.10
1095.25
1779.93
1116.44
1693.68
1817.44
1645.53
1198.05
1570.06
804.67
1526.55
1733.39
1841.99
2088.62
1790.39
1647.08
1789.08
1237.95
1213.35
1940.19
1626.40
1905.35
1094.81
1526.08
923.76
1599.02
1243.64
1506.31
1719.90
1875.43
1297.13
1590.74
1732.93
1788.11
1261.31
1438.72
1921.68
1692.85
1796.92
1460.74
1163.57
1025.48
910.04
1943.03
1450.38
1546.91
921.65
1914.37
1176.67
1555.04
1925.14
1292.45
1961.46
1793.49
1090.28
1656.98
1201.01
2025.38
1882.11
1989.04
1919.51
1157.90
1507.08
969.01
1887.97
1643.75
1681.60
1372.09
1011.90
1330.76
742.36
1398.60
763.90
831.59
1443.72
1416.97
1515.21
802.04
1298.47
1235.30
1208.47
1333.65
881.98
1017.39
629.20
639.92
1103.33
1400.17
777.49
722.84
1465.09
1506.95
1141.99
1222.35
1626.21
1194.20
939.76
561.11
672.22
696.67
1897.78
1374.58
735.03
750.82
682.52
941.96
1043.83
730.72
791.38
1325.33
1403.36
904.01
1096.22
1431.52
637.92
821.92
1083.32
1583.27
1052.49
659.10
1065.15
663.40
704.89
1349.98
1443.02
608.12
687.35
759.97
1083.98
1775.97
1420.24
604.19
1696.39
1333.25
738.91
749.31
1127.39
984.24
1087.95
1450.26
1387.88
1308.71
1044.86
1379.17
619.23
746.09
1224.21
787.57
947.45
1326.90
554.86
1217.58
733.91
1908.34
569.62
834.46
1434.47
654.06
946.85
654.53
1378.16
1691.56
1108.33
1443.36
794.13
1127.78
1663.29
961.81
574.39
846.17
1068.76
788.69
521.24
1040.44
863.32
473.67
1111.25
626.93
1139.37
740.62
1017.62
759.97
603.95
1121.49
553.35
1389.88
536.99
1020.59
514.98
801.42
772.17
682.46
774.53
1213.63
711.41
598.51
1372.90
565.27
788.05
1040.91
1051.56
571.63
1657.70
783.55
882.53
861.60
1039.82
1028.44
853.64
600.24
582.45
550.24
1083.98
551.54
690.36
1080.92
652.82
282.78
243.08
322.27
694.28
1233.97
639.56
993.73
743.52
469.89
900.94
828.94
778.75
733.36
638.06
1236.88
515.64
868.07
1266.82
1241.83
290.14
825.80
786.36
1168.68
1034.20
716.55
815.42
1108.89
1185.45
794.30
391.70
648.41
724.40
269.92
300.50
831.89
660.25
1217.69
862.70
753.91
1176.85
529.79
552.62
392.49
760.18
318.20
284.70
1068.53
672.34
760.12
764.62
1046.57
845.83
655.60
302.98
1038.34
225.65
815.62
608.76
851.79
535.26
811.11
721.34
661.43
526.47
278.09
744.42
729.20
1229.01
802.22
472.34
1058.54
767.43
1101.89
463.42
658.69
507.95
625.95
719.17
783.87
402.04
660.53
981.61
689.29
636.27
289.58
959.97
1134.83
258.93
1207.49
618.61
933.29
1000.50
736.61
312.13
451.24
343.50
1213.05
1209.22
402.83
831.53
1513.68
1083.44
545.31
1332.71
1090.08
564.13
685.43
707.58
979.03
785.45
782.49
771.85
945.57
608.95
792.40
703.16
725.71
649.48
912.33
1290.93
639.15
651.87
735.89
1440.91
1115.61
751.71
1362.25
719.31
1279.39
646.00
678.17
1053.03
607.99
605.32
792.72
810.12
1341.90
942.43
1076.11
1332.09
1439.07
867.54
1089.47
1462.91
782.35
1361.13
1349.60
1327.21
738.11
707.83
1480.63
728.38
1434.92
1367.78
575.39
786.65
744.04
686.63
732.28
802.22
813.83
1140.40
1126.26
1472.95
790.15
760.07
1128.25
717.82
1350.43
680.74
1523.77
577.47
765.22
576.49
881.00
694.57
1393.21
690.56
1468.94
1026.74
719.89
627.89
782.80
1409.10
904.50
661.88
1420.94
1407.12
807.98
1413.47
593.88
837.05
677.03
1043.97
989.43
1155.85
622.61
1115.94
1404.49
681.57
1831.35
1987.18
1922.29
1949.04
1795.97
1982.60
2026.26
1987.25
2075.53
1958.32
2012.73
1993.50
1843.88
1933.84
1835.38
1858.93
1833.70
1934.70
1859.52
1881.44
1865.92
1820.47
1986.54
1926.24
2082.82
1944.34
1898.28
2145.72
1823.95
2035.58
1829.16
1953.19
1964.53
1922.13
2067.38
1811.92
1793.27
1908.74
1922.53
1822.97
1804.19
1944.68
1939.88
1872.02
1776.34
1907.55
1836.14
1868.59
2099.52
2087.79
1834.06
1893.37
1952.10
1876.89
1926.43
1846.05
1896.30
2162.33
1895.28
2088.07
1860.15
1878.64
1833.59
1898.89
1947.57
1857.77
1919.21
1793.89
1917.46
1841.22
2142.48
1952.45
1892.77
1952.49
1842.96
2082.80
1842.06
2056.36
1930.26
1824.62
1895.13
1846.72
1925.90
1902.55
824.83
1853.34
1906.05
1864.06
1850.25
2093.39
1833.50
1903.36
2102.85
1890.72
1939.82
1899.12
1930.38
2082.09
658.49
1821.87
1373.30
1175.21
964.92
1875.11
1464.07
755.62
1221.41
1300.27
686.67
1273.30
2139.51
1347.83
1829.28
1733.00
1512.04
1938.91
1716.35
1797.47
1802.07
1401.08
1414.89
2109.34
1835.80
1807.63
1540.14
1419.10
1586.70
846.78
1941.91
1526.87
1675.48
1595.93
1835.49
1116.76
1494.93
1976.57
606.05
1866.17
1690.58
543.66
1888.74
1963.82
1188.22
730.54
1339.90
1746.41
1861.70
763.99
1610.74
1442.85
1211.73
1461.93
1240.99
2142.46
1619.15
1012.61
1605.89
1961.28
1344.87
1854.60
1290.30
1127.65
912.70
165.77
1367.34
1302.12
1139.39
1978.12
1394.59
888.86
1612.07
1376.83
1401.65
581.86
1494.95
1621.45
1471.69
1712.91
632.14
1619.82
1178.34
1024.31
1485.98
1851.60
590.62
1690.59
1509.61
1665.17
887.36
1791.80
2162.99
724.88
1328.19
1358.96
1510.59
1696.06
1798.98
1304.37
926.32
1246.77
1547.73
1762.41
1578.43
1717.17
1903.31
1871.50
1820.33
1791.52
1342.17
1716.19
1306.30
1360.36
1240.61
1457.98
1439.81
1283.58
1608.60
1438.61
1451.04
1600.81
1099.64
1733.25
1826.20
1157.87
1268.51
2119.86
1202.87
1554.90
1612.50
1842.55
506.75
1487.79
1390.43
1105.77
600.83
1443.72
1113.05
1159.66
1764.86
1325.16
760.41
1372.03
747.83
1815.83
1029.16
1958.10
1918.56
1055.66
907.11
1773.50
1546.99
1573.22
1897.86
2131.95
1487.28
696.84
1638.67
652.76
1269.33
1916.39
1849.82
655.73
624.64
1328.32
1486.19
1106.40
798.32
1670.34
1463.34
2051.14
1817.66
1906.67
963.86
1819.07
1318.70
1443.78
1710.19
1942.47
1671.65
1663.08
889.76
1787.36
1927.91
1564.63
1580.28
1438.58
589.08
1008.28
747.61
1458.94
1974.77
1922.20
1316.36
1495.01
1179.03
1508.16
1702.31
1796.21
1319.78
1730.29
1541.14
1419.59
1905.26
1530.97
1014.45
1643.13
1408.78
1442.66
1588.91
1916.70
1487.95
1650.21
1689.88
1498.43
1561.21
2181.88
1898.96
2040.88
1366.64
1004.40
1134.02
2144.52
1984.34
1887.00
1361.67
1706.18
789.49
515.83
1428.50
1634.77
1243.87
1044.52
1314.66
1898.35
1915.94
1672.51
1760.64
1957.72
1951.15
1756.31
1535.75
1641.10
1807.06
1492.04
1961.89
1616.47
1303.50
1818.47
1798.77
1850.43
672.00
667.05
1941.47
1577.92
1711.78
2076.01
1600.25
1852.38
1634.39
1988.32
1209.66
1769.27
775.89
1560.49
1656.88
714.80
1237.63
1528.35
937.40
1897.76
1652.06
745.75
1572.55
1807.10
775.62
1237.69
1585.97
1803.81
1731.84
1480.55
1042.23
957.93
961.79
1445.03
1418.95
758.27
1809.56
1001.62
1137.33
1829.07
1550.57
1064.76
1821.64
1218.76
1121.92
1550.07
623.04
1325.42
1174.35
1732.58
802.85
1336.95
994.01
1902.77
1462.53
1522.19
1796.06
1725.63
824.58
1830.26
1655.99
1164.94
1212.16
1647.35
1604.59
1319.12
1701.44
1703.39
1677.57
1631.12
1455.35
1751.97
672.25
1463.83
1358.75
1605.37
1204.71
1569.68
1834.26
1055.11
1524.05
1272.20
1822.50
1668.60
1247.19
660.72
1168.10
1887.28
1646.64
839.44
1824.25
1473.32
1147.74
1828.87
1496.89
1431.56
551.58
1223.30
1838.48
1832.58
973.08
939.94
1866.46
1210.05
1355.72
1787.47
1681.81
1497.87
902.43
1839.72
1711.51
1800.62
1835.83
1375.76
1303.74
1502.46
1919.55
779.22
1733.88
1761.22
1522.29
1412.11
1780.95
720.48
1674.41
1239.23
1873.95
1953.79
1504.18
1435.60
1517.92
1807.15
1697.56
988.59
1049.27
1276.07
1175.78
1485.84
1776.14
2115.52
1522.84
1218.93
1233.77
1295.92
1520.94
1230.67
2089.94
1719.02
1764.55
1286.22
1669.40
1536.22
284.94
2059.05
1361.61
1618.40
1635.43
1871.60
1956.73
870.61
650.46
1236.01
723.47
1742.83
1765.30
1897.14
523.98
1414.98
1729.69
1536.78
1590.20
1487.42
1208.66
1776.84
1167.50
1599.68
1655.52
1575.12
1967.34
1640.93
727.05
1583.97
644.31
1646.48
1813.33
1742.93
782.49
1499.79
1305.03
904.46
1455.29
982.44
1772.20
1658.53
1641.51
1917.01
1743.83
1504.99
1227.38
1186.79
1745.17
1319.93
1539.28
1373.90
702.64
1122.86
1387.95
1041.72
1805.41
1260.92
1940.81
492.25
1855.58
1520.35
1835.23
1625.99
362.07
747.25
1837.45
617.06
987.48
1495.21
1477.95
1717.58
1399.96
1794.16
1317.93
1717.44
828.23
1498.66
1371.80
1120.54
1580.70
1601.43
1628.73
458.26
1226.19
765.73
1407.59
1563.54
1103.34
1163.37
909.01
1140.84
1138.87
1595.73
1882.30
1901.25
1948.59
1349.67
1915.90
1857.93
960.86
1221.09
718.77
1092.37
1532.32
1132.47
1768.52
1825.56
1556.46
760.02
1388.73
1292.31
1728.94
1783.29
1918.84
1196.89
1653.00
791.94
1409.50
1307.35
1111.74
1650.36
1398.13
1583.04
1844.58
942.24
1355.79
1514.89
647.26
1624.93
1345.42
914.20
1868.91
1481.37
2132.81
1176.15
619.23
1146.17
1490.50
1904.46
1737.46
1724.84
1382.94
1351.72
1738.49
1693.49
1434.09
1524.12
1886.15
1390.98
1586.29
1445.45
1677.57
1843.43
1822.22
1877.23
1314.76
1028.08
1204.71
1473.38
1575.90
948.89
1863.73
1622.31
767.36
1573.24
2028.31
1520.43
1259.20
1066.73
1523.38
1266.97
792.28
1410.22
663.03
1440.16
1218.47
1287.25
1665.62
905.36
1344.28
1237.75
1117.97
1517.68
1660.13
714.59
1684.58
1265.64
574.85
1408.59
1030.60
1434.40
1141.58
1610.37
1254.15
1436.59
1253.81
1689.92
1198.16
1626.04
1207.07
1639.88
1900.23
2062.99
1649.71
1210.37
586.92
1739.72
1507.01
1501.93
1369.14
1597.94
1946.59
1558.89
1534.28
1508.31
1066.49
2017.05
1802.79
1812.18
1216.04
1397.11
1547.48
1610.54
1479.03
670.55
1856.42
1317.44
1760.73
1377.28
838.05
1624.41
1886.91
1374.19
1896.56
1559.66
1509.69
783.80
1476.08
2137.11
1496.06
1770.72
1933.48
1673.12
1493.74
1836.91
1488.74
1527.18
1526.18
1550.12
1592.53
2067.59
929.25
747.37
1851.46
1510.52
1354.82
497.09
1334.21
821.18
940.24
1834.23
1033.75
1442.70
1728.62
1763.84
1349.86
1860.61
1307.49
1128.14
1342.13
1810.90
1551.26
1706.54
1628.73
1329.44
911.76
1509.10
1513.66
1054.47
1507.95
1708.97
1583.35
1237.18
1651.32
1499.76
1668.67
1798.29
1083.21
1927.69
1483.16
1795.51
980.83
1919.03
1541.09
1933.22
655.64
1085.10
1905.38
1744.36
1477.32
1027.27
1452.29
1792.64
1424.29
1537.79
1386.44
488.88
1687.01
1051.91
1314.04
1247.78
2147.33
1292.01
1412.38
1709.64
910.92
705.50
1354.88
1502.88
1416.58
1572.70
981.15
1092.19
1321.02
1508.94
1458.00
1521.43
1892.03
1523.27
1208.15
939.61
1502.07
1776.79
1615.82
1324.84
1508.61
693.08
1407.67
981.22
713.68
1342.95
1575.31
1553.51
1845.87
1252.08
1769.27
892.34
1610.00
1836.24
1152.21
1916.99
1265.62
1853.54
706.91
589.41
1521.61
1160.88
1801.54
1326.12
1839.40
1633.52
1502.51
1585.44
1201.70
866.07
1818.32
1718.88
591.82
1191.77
806.05
1148.91
900.79
1462.71
1497.19
1563.02
1940.33
676.83
806.80
580.17
1300.97
1060.20
1610.66
948.42
2139.96
1633.49
286.11
1498.05
1280.92
659.82
1172.98
1505.08
864.61
1836.06
1862.93
1821.61
880.25
500.73
1418.92
946.22
1464.85
1550.20
1121.52
1646.25
413.10
581.45
1642.16
1714.26
743.50
967.46
1259.18
1532.25
1480.40
1423.08
1846.41
491.99
1395.85
850.05
1545.90
1627.68
1832.21
1713.82
1440.93
1902.48
1434.17
1960.64
1216.39
1633.65
797.31
1508.81
1329.25
794.67
1558.42
1701.23
1635.31
1723.15
1518.34
1669.24
1490.59
1249.89
1373.98
1202.89
943.24
1695.76
1575.92
1518.15
1415.59
2087.40
1833.62
1815.03
429.58
1219.21
1213.16
2021.66
1552.46
1106.09
1422.10
1021.21
1893.74
1682.91
2098.20
1650.11
1415.40
1000.97
1993.75
1704.88
524.20
1349.00
859.72
1394.09
1514.31
1522.18
1521.10
1679.82
1424.02
1877.67
1160.61
1209.22
879.41
1623.25
798.42
1450.86
1446.21
1195.57
521.28
900.03
1381.31
1203.10
1605.49
1044.16
1850.58
1709.86
614.20
1526.93
1462.38
1482.95
1205.14
1351.83
1698.73
1511.39
1936.63
2129.07
1870.23
1493.45
1384.26
901.16
1549.21
1520.09
1748.72
1723.78
589.63
1838.05
1936.81
1790.21
1702.88
1297.23
1355.72
1207.48
1276.66
1779.34
731.94
325.15
1030.28
535.61
1325.94
1058.09
931.78
675.31
851.55
1737.01
1495.85
636.03
1241.07
1636.36
923.53
1755.88
1832.72
1420.16
1708.63
538.49
1482.03
1456.21
976.03
1249.83
1417.00
1245.97
1937.60
850.98
1506.00
757.03
2128.73
1256.67
1940.47
1208.20
1359.55
1305.05
1625.39
727.55
1325.00
479.11
1409.47
1724.58
1865.40
493.09
1747.00
607.42
1011.01
1026.58
1186.91
1674.24
1409.81
1512.03
1496.15
924.48
733.62
1160.51
1909.96
1745.92
1158.06
2095.40
1891.06
1666.38
1034.62
1572.96
1445.06
750.20
1269.41
1147.64
1572.48
1297.19
1484.51
1669.34
1477.41
1445.70
1606.29
1621.31
1640.68
1459.03
1279.24
1580.64
1766.95
1126.52
1629.54
1290.76
923.07
1555.83
1615.01
1951.31
1022.09
1220.20
1293.95
1118.08
1807.97
1172.95
1912.63
593.68
1404.15
1514.35
1355.52
1534.61
1827.82
1862.72
1532.17
1240.73
1223.85
1741.29
2148.03
463.05
1952.24
822.23
1058.35
1794.66
1131.62
1492.36
590.95
1846.52
1443.94
1909.44
1935.51
1376.36
1678.95
1536.10
1919.62
1688.88
1460.11
920.00
803.38
1623.97
777.48
1702.21
1389.81
1388.35
2177.95
1607.72
1644.34
1572.91
1166.24
1717.20
1693.14
1917.79
620.92
1120.31
1103.97
1457.91
1732.35
1687.52
1502.77
1864.70
1691.48
1520.56
1680.28
1789.02
1443.40
1880.24
941.11
1404.25
1014.78
1702.23
1699.87
1701.37
642.73
1359.67
840.60
1263.76
1276.42
1195.37
544.21
1398.39
1383.02
1688.40
1169.50
657.05
1124.05
1577.52
588.84
661.10
1669.59
1738.34
1277.78
1722.94
1693.21
1732.09
1631.76
1650.55
1631.66
1370.90
1786.58
1620.71
1187.93
715.09
1168.19
1111.15
1549.10
624.69
1532.76
1892.82
1734.14
1428.38
1440.52
895.19
1710.91
2040.70
1282.11
1185.07
1777.38
1281.23
1173.08
1397.87
1566.22
933.57
1166.01
1874.74
1813.61
1959.32
1439.52
1693.60
1822.27
1637.49
1902.13
1728.15
1565.48
1703.35
1379.36
1860.83
1152.22
1599.89
1325.33
1465.54
1540.48
1475.16
899.93
623.95
1708.58
1622.95
1273.05
1113.09
1201.57
1525.76
1154.82
562.70
735.63
1544.73
1769.96
1449.75
1519.55
1981.04
1904.34
1997.82
1233.55
1502.47
1066.06
1314.86
964.22
1759.48
620.74
1547.45
1217.70
1679.55
905.11
1401.73
1684.03
1054.58
1520.51
1696.21
501.20
1436.06
1221.00
1402.60
1389.91
1564.14
680.24
1448.07
1576.43
201.43
797.44
1891.33
1545.87
723.95
1226.77
1812.76
722.81
765.29
1889.77
1701.48
1736.50
1847.82
1890.04
1229.21
1612.39
1258.93
1783.16
1692.07
1535.67
1609.52
1948.66
621.77
1721.10
1332.44
1536.79
1514.25
882.27
1258.42
1616.92
1521.96
775.01
1428.77
1892.22
1482.04
930.72
1543.00
1368.15
1568.16
1884.55
1947.73
619.22
227.80
816.55
1648.53
1696.18
808.84
1625.17
1554.42
1822.24
1633.47
1817.41
586.65
1788.62
1811.85
1566.15
1647.03
1915.43
1425.30
1890.84
1368.03
1222.95
1473.95
977.02
1592.07
1537.59
1725.53
1249.80
1593.56
303.88
1885.71
1433.99
1421.84
557.54
790.76
1901.47
1579.04
1693.94
1122.15
1802.02
1396.59
790.23
1861.95
1305.75
920.02
649.80
1272.36
1906.47
1921.66
1385.23
638.17
1275.35
1139.67
812.97
1685.86
1240.34
1338.30
1348.39
1492.09
1477.72
1769.05
772.03
1360.28
1860.00
1658.88
426.12
1936.49
1442.75
2149.82
1770.60
940.28
1167.41
567.48
1703.04
1659.25
732.04
1191.00
1657.51
615.21
1279.64
747.38
1737.18
1533.75
2155.44
977.02
1227.12
1187.65
1601.02
1905.50
670.80
1855.90
1420.86
1459.55
597.11
1647.49
1444.52
1922.94
1733.75
760.93
1663.67
1158.41
1838.29
1440.36
1402.95
1651.05
796.63
1170.98
1169.18
958.10
1499.26
1500.02
1855.57
1482.79
1387.90
1483.46
1161.86
1421.15
1503.56
2089.62
963.70
1816.22
1623.88
1685.50
1485.87
1213.38
1445.56
1916.57
1660.67
822.57
1589.59
1536.22
2065.85
1681.41
1628.95
1793.87
1418.16
1506.74
1633.95
1811.85
1136.27
1547.90
790.86
1744.21
1795.75
516.33
1602.25
1890.94
1807.74
1312.35
1326.26
749.86
1192.20
1831.20
1284.12
1776.13
1171.75
718.57
1334.92
1566.52
1307.06
1745.37
1089.26
494.47
992.34
1790.22
1941.43
1594.45
1650.15
1970.48
1334.21
1529.26
1716.72
1696.94
1359.74
1514.46
1326.74
1692.76
1230.90
1630.94
1529.01
1144.98
982.87
694.48
1822.74
1321.86
1440.29
844.64
1153.54
1476.29
1570.57
1125.45
1363.73
1752.98
734.31
1862.77
1020.59
761.90
1722.08
1027.62
1655.79
1918.18
1049.86
1828.25
1818.13
1897.37
725.73
405.28
932.16
1568.10
1758.72
602.41
1838.96
1845.40
1324.35
1600.65
738.77
686.23
1726.90
776.23
132.93
1325.24
1854.01
1694.87
1629.01
1922.01
1753.15
1933.93
1641.04
1373.78
1241.96
1656.29
749.36
1490.12
1501.33
1876.99
1207.22
1593.17
1007.63
1632.68
1547.32
1439.68
990.12
1264.79
1755.11
1059.48
1739.43
2109.75
759.70
1840.78
134.38
1974.99
1356.97
1699.97
1693.41
1068.41
1717.43
2004.55
1650.18
1631.22
636.46
1541.45
1710.57
1574.01
1409.10
1792.04
1110.52
1925.03
1690.36
1192.94
249.08
1903.11
521.92
287.50
1334.83
938.42
1821.05
1702.15
1489.96
1849.98
1510.41
1532.33
1506.63
1227.57
829.70
1617.63
1283.36
1562.60
1455.19
1475.53
1690.67
1682.80
1512.98
681.63
848.39
1482.73
1758.66
827.71
652.55
996.72
1235.13
1384.16
1027.68
1658.42
1549.05
1821.39
755.06
1776.59
808.08
1902.04
1904.26
1442.40
1174.45
1519.67
805.00
1861.60
1295.59
840.64
1620.49
1036.26
862.73
675.64
1085.06
548.98
1922.28
1894.04
1685.15
1190.10
1186.32
571.45
1478.36
1668.26
1124.96
428.96
1648.98
1656.33
619.78
1376.62
780.48
857.22
1195.32
1914.96
860.33
328.31
1316.03
1957.18
1307.73
1851.61
1891.46
1275.16
1661.55
1848.04
1215.39
936.07
1129.27
1700.48
1279.21
1566.99
942.51
1496.01
2134.39
1447.65
1143.93
1873.25
1937.12
1361.64
1719.04
1486.12
965.64
1916.10
1342.63
1072.40
1517.94
1758.06
1498.61
558.21
1508.08
805.08
1111.07
194.83
1692.22
1851.35
1736.66
1177.35
1301.73
1751.10
1920.39
1603.89
1252.07
1501.10
642.29
1770.71
1929.76
1053.32
1797.52
1251.82
1761.80
1832.51
1674.84
639.72
878.32
1490.17
1856.39
1469.68
1190.00
1542.70
1400.55
1036.75
1804.72
1561.20
1872.86
1566.44
1126.27
1824.27
1473.92
1671.46
939.37
1599.15
1157.10
950.46
1477.27
1708.02
1559.38
1533.95
1923.23
1198.58
790.09
927.69
1753.71
1580.15
1697.42
1364.08
1222.10
1376.24
739.15
1946.41
1269.13
1923.93
755.67
1664.17
539.06
1478.93
1256.21
1104.10
427.96
1683.64
1741.19
722.94
1213.74
2080.90
1858.72
1200.37
1844.13
1351.51
1608.70
1612.37
1483.57
2100.54
974.98
775.06
1911.45
1680.46
1559.09
1904.43
2162.80
1493.49
1687.12
1621.67
1408.04
1205.84
1261.92
1341.35
1292.03
1458.78
1974.08
1521.79
1561.10
1638.42
1620.25
1279.60
1811.49
1079.22
1408.49
1453.84
1563.53
1939.50
587.76
1002.35
1399.08
1928.71
1775.39
1135.60
1902.10
1612.46
1655.92
1775.72
939.47
927.07
1793.49
323.53
1862.87
1908.03
1950.48
1691.23
1358.40
1524.46
1506.95
1824.95
181.80
1644.91
1150.30
1191.51
1932.46
1255.08
1286.84
1441.32
1660.91
1518.23
1494.39
1615.80
1377.88
1856.01
814.78
1318.73
1193.25
1182.23
723.21
627.88
959.59
1688.51
624.58
1435.00
795.60
1522.63
1831.19
1908.81
1514.74
1930.49
1494.68
1391.25
1718.38
1920.13
1161.48
532.22
1179.26
1817.08
1583.87
1845.08
1892.53
691.52
444.49
1777.00
1084.56
1804.55
1004.95
1831.34
1178.66
1637.91
1209.34
1257.52
1136.56
1388.68
1945.76
1300.34
1941.29
1493.10
1496.91
1625.55
1657.00
1884.22
1743.09
1605.27
1270.65
2076.25
1242.49
794.40
1427.44
1235.08
1642.21
863.73
1331.03
1227.51
1641.21
1692.66
1958.80
1275.23
1414.55
1541.77
569.30
1722.24
1594.47
1846.86
1902.59
583.17
590.33
1679.17
1893.23
1241.04
1854.86
779.07
1192.35
1427.93
737.55
2032.61
1398.51
1120.87
1800.24
910.09
1466.50
1047.90
721.23
1493.45
1603.54
1768.35
1488.51
1741.38
1604.68
1265.96
1831.36
1596.56
1523.36
1922.37
262.44
1736.19
1353.80
1610.27
565.95
742.15
1912.69
1897.64
1270.42
863.36
1559.58
1876.27
1681.42
1298.89
1679.69
1724.95
1054.85
1798.40
1660.34
1486.73
1247.15
1304.25
775.20
1731.77
2049.30
1602.79
1899.00
2121.79
1862.15
1414.90
1656.56
707.94
839.37
1533.01
755.37
1517.35
1436.97
1907.12
1133.88
1759.22
1649.03
1597.52
1789.05
1526.56
1751.64
508.35
852.86
728.54
1484.24
776.37
1888.83
660.52
2082.07
1632.92
1290.77
1125.49
497.89
950.83
1599.44
1502.97
1685.77
1017.09
1003.44
1423.62
1312.06
1483.87
924.63
693.05
1578.58
1533.60
1869.70
955.83
1302.62
467.12
723.88
1818.14
1466.21
1808.60
1516.34
1587.32
1527.32
1815.40
1882.40
1309.34
1934.47
1534.46
1584.16
968.88
1487.50
1760.97
357.30
1872.10
1832.21
1171.61
1483.84
1085.08
1757.62
1203.38
1493.65
1497.94
1539.47
755.46
1766.59
1621.49
1581.67
525.29
1067.33
1919.93
700.69
1751.07
1935.10
872.02
1516.30
2004.57
1585.17
800.58
1811.06
1186.64
1275.04
1327.44
1820.95
989.96
1373.50
1939.86
1594.87
1094.14
1558.98
1702.73
1395.21
1127.49
1610.77
1143.08
736.17
1210.89
1456.24
383.73
1618.77
499.58
1536.03
1223.66
1697.05
1688.73
1913.87
1481.05
1588.54
431.70
770.27
1468.22
1890.08
1180.84
1691.73
1931.47
1623.59
1476.40
1333.33
1135.71
1598.21
499.06
2187.16
1389.42
1015.47
745.78
710.42
1893.38
1386.23
1451.79
1936.04
1816.16
1372.28
1620.88
1498.97
1044.79
1935.34
1661.35
1649.48
1679.85
1521.32
1911.43
1456.89
1722.89
905.73
975.45
1679.74
1752.88
1449.29
953.17
2028.42
1352.99
1563.54
1702.78
1634.03
1511.90
1184.72
1599.52
1336.80
1913.28
1203.06
1759.08
1665.79
1717.93
2118.53
1365.70
1362.45
1649.42
1658.68
1457.36
786.30
1064.07
1663.26
1441.85
1842.33
1544.14
1301.17
1001.38
1164.39
1234.05
1857.04
1510.21
1306.65
1840.44
1432.41
1694.64
2021.59
1950.87
1618.36
1672.63
1637.26
1191.07
523.10
1672.01
1979.32
1807.33
1595.40
2168.68
1731.45
1881.50
1235.42
1256.75
1293.84
1690.59
1688.56
1668.46
1195.11
1683.66
1810.33
1039.70
1792.51
1448.85
1958.83
2146.94
1321.55
801.65
1588.59
1826.36
1804.97
1657.23
1075.14
1913.09
1832.92
1842.39
1133.64
1641.70
1959.38
358.15
673.71
1336.86
836.31
1465.14
1145.84
1762.91
1073.31
1168.73
1107.35
1234.41
1685.48
1684.79
1314.86
1162.61
1779.42
1674.78
1556.30
946.20
1957.93
1519.46
1449.85
1337.56
1526.02
1759.94
1337.55
1131.11
489.68
783.56
1551.78
924.44
1486.40
1501.68
1607.55
2056.30
1904.43
1787.52
1615.71
1683.71
1427.07
1929.78
1476.56
1632.23
1815.08
1958.93
1403.10
1763.10
1583.87
1567.38
1779.75
931.33
1101.68
1985.11
2158.23
1425.28
921.96
1653.33
1961.09
1539.74
1624.19
1614.31
1932.03
886.65
1707.92
724.48
1205.16
1602.94
688.51
1509.83
762.24
1880.39
1765.45
1690.04
1185.72
1154.15
1349.66
1910.39
1880.59
1500.04
1726.96
1345.24
936.72
1773.40
1201.46
1623.40
1238.88
1521.46
1830.05
1940.04
1962.22
1396.12
875.25
1905.59
1324.48
1697.65
1397.78
1708.37
1310.98
1061.55
1215.23
1670.82
1485.07
1566.51
1115.34
1670.65
1584.37
1763.23
1947.15
1784.19
507.73
1407.45
1114.86
1410.01
2125.86
789.27
1624.68
1851.62
1172.22
1337.08
1788.58
1771.57
1629.26
1619.95
578.28
801.23
1186.44
1554.20
1624.96
1641.44
1670.90
1599.50
1488.03
1582.65
764.70
1697.86
1780.55
1926.31
1921.83
1814.91
1567.70
918.25
1048.73
1727.65
800.38
1501.09
1523.37
1524.00
786.99
1664.81
1922.80
840.12
1776.11
1017.48
905.80
1762.25
1220.77
1788.37
1823.46
1574.94
1001.66
1454.65
961.59
1365.99
1572.45
1175.21
1609.57
1572.44
1104.18
886.81
1453.66
1088.00
1759.32
1306.65
1287.20
1774.22
1421.00
822.33
1194.95
1534.09
889.55
623.13
552.33
535.86
1328.85
1779.57
708.57
1611.76
1601.85
1622.28
1446.96
1752.97
1896.52
884.06
1485.77
2153.18
1565.15
1814.05
1349.07
1350.36
1634.70
1335.64
1313.81
1047.62
1615.64
1728.24
1475.84
1167.30
1642.40
697.58
1032.75
964.05
1687.53
1053.78
1385.93
889.06
957.70
1432.21
1052.85
826.64
504.07
1563.24
865.94
801.10
1865.11
731.53
2061.27
1381.15
1638.27
1753.38
1462.48
844.21
1768.91
1877.45
1725.79
643.46
968.32
1038.55
1547.79
587.61
1521.78
1751.29
1524.53
1906.80
1154.36
1034.40
1728.99
1554.54
1922.25
1942.07
1505.45
1672.26
1737.40
711.46
1610.61
985.17
1778.02
912.95
312.10
772.39
1289.92
1681.67
1859.03
847.29
1541.80
1328.39
971.12
1394.75
1696.09
1446.13
1632.19
1894.30
611.81
1594.41
803.33
1763.44
1232.10
1186.92
940.07
1978.86
1340.97
1319.04
1986.00
1639.49
1227.18
1895.37
1715.42
1502.43
1954.21
1706.90
1206.05
1538.22
1389.41
1661.17
1220.59
1779.55
1150.05
1567.68
1615.22
1845.44
1714.21
2172.37
2073.11
702.22
1482.05
1626.94
1546.34
597.34
801.82
1112.52
2000.08
1314.97
1376.38
1780.19
835.82
1656.91
1583.91
1709.60
527.75
788.20
1710.09
1724.28
884.97
1125.74
1934.96
1765.28
1723.87
1751.29
1339.35
543.61
1927.86
1351.25
1244.89
2179.46
1495.64
1780.84
1259.29
1536.32
1726.65
1918.05
1708.67
925.62
1620.97
1305.51
1704.14
1898.29
1395.55
1716.40
1334.19
1761.67
750.99
721.09
1115.28
1440.85
1762.50
1123.89
1832.81
1256.43
1486.36
1504.40
1459.40
1432.09
1214.58
1918.22
1907.25
1325.37
873.12
1105.19
1520.58
2151.20
763.95
1746.70
1399.08
2049.18
1425.07
1918.82
679.22
1637.72
1398.97
1125.78
1486.18
1252.00
1044.93
1549.10
1218.37
1802.34
1453.03
1608.09
1655.53
1465.60
1531.04
1318.40
2215.87
1525.18
1485.79
1140.31
1255.81
1867.35
1630.40
1607.57
786.94
1445.17
1807.03
1662.94
1778.01
1982.35
861.34
1568.05
1729.07
1705.97
965.02
1917.03
646.02
1507.98
1598.78
1523.50
1268.09
753.89
1278.19
1749.40
1113.58
1609.29
1786.85
1502.33
1759.71
1360.87
1938.63
1626.01
1695.91
1689.71
498.36
1298.47
1099.51
1742.92
1790.37
533.54
1244.60
1330.34
1756.65
1899.83
1312.79
1861.29
1834.19
1169.92
1570.26
1951.54
1643.26
1547.50
1449.85
1164.39
1952.22
1416.44
1284.11
1485.83
1801.29
1449.03
679.24
1446.36
1863.56
869.63
1481.42
1604.82
1330.33
1514.66
880.85
706.52
1731.89
1655.26
1145.38
1107.51
1899.96
1218.93
1921.15
576.09
1562.99
774.85
1329.46
1472.31
944.49
821.60
1477.11
747.88
1848.05
1378.07
1334.45
1867.04
1303.83
1496.73
1489.08
1335.92
1383.79
1258.75
1032.05
1646.59
900.13
707.05
926.10
611.69
2065.64
1705.61
1318.41
1160.20
501.27
1183.37
1441.27
1469.04
1209.93
2144.50
1318.46
1344.43
1566.26
1804.48
1808.86
1621.32
1671.43
1357.44
1692.22
1835.66
1528.81
1680.17
1631.42
683.69
1695.16
1233.53
1115.27
1849.89
1942.50
1908.48
1176.81
1625.90
840.00
914.20
1820.49
1160.91
1555.76
446.73
1376.57
1727.26
874.69
1661.80
1727.39
1930.71
246.78
1250.60
2029.86
1916.61
790.88
1355.16
1684.88
1857.57
1642.21
1934.91
1374.64
1510.21
795.75
1529.63
1180.50
736.82
1463.35
177.69
1891.59
678.27
674.86
1551.44
1317.64
2104.66
1228.57
1930.23
1935.95
909.05
1876.91
1578.47
1916.13
655.61
696.37
1704.30
1595.42
1635.25
654.53
1666.47
2138.60
1137.30
1159.03
750.62
1693.10
1805.80
1711.82
2055.42
1628.23
1535.48
510.86
1146.63
1773.44
1937.82
1816.09
1804.97
678.19
1680.87
1439.14
1968.44
1317.39
1354.83
1620.86
1784.04
811.79
1883.00
1351.12
1536.24
1831.43
1377.90
1300.28
1486.84
1946.13
730.47
923.39
1938.50
1775.73
515.34
1596.22
1565.94
1533.55
1849.96
1811.77
1429.84
1012.64
1756.46
1479.21
1619.18
795.21
1469.92
917.81
1487.00
1328.93
1240.04
1904.88
1692.53
1038.62
1746.86
1611.76
1204.21
1382.48
1829.66
1741.80
1653.89
1778.81
1166.58
1920.54
1706.38
1912.17
1841.78
1176.72
1419.49
1592.23
1176.08
1686.50
1679.87
1868.55
1506.86
1783.40
2002.92
571.95
1403.68
735.34
1723.07
1607.04
1627.83
1391.10
689.59
1353.64
1346.92
1460.45
1245.72
1802.50
1900.39
1329.80
1911.26
664.44
1546.58
997.06
1602.64
1211.82
1170.34
1663.02
1569.17
1221.42
621.81
1455.24
1473.93
1497.41
1790.08
1668.03
1494.18
1738.24
1794.16
1501.80
1541.42
1395.96
1244.95
1504.87
1959.43
1016.78
927.12
1877.31
739.65
1762.21
1530.71
1527.01
1378.16
1818.16
1086.71
1840.48
1812.55
1066.50
1724.72
1152.14
722.70
1284.04
956.65
1763.67
1878.50
1521.40
1479.02
1681.14
270.30
1613.54
1119.56
1250.49
1733.76
1124.98
750.58
1758.97
863.03
1381.48
1754.93
662.56
1549.58
719.77
597.80
1422.90
1589.03
1142.35
1615.53
1503.06
1092.62
1932.57
1683.33
1645.48
1677.95
1452.07
1460.98
644.80
1713.91
1859.95
786.65
734.57
946.75
1753.74
1835.43
1136.76
1884.99
1324.16
1225.40
1913.26
1323.37
1899.97
840.65
1417.76
1568.24
913.72
1800.52
1302.19
1172.61
1758.00
1266.58
962.43
1729.96
1985.66
1579.71
1500.30
1115.21
1122.30
1318.17
1609.49
1293.33
1944.16
1541.30
1241.17
1225.73
859.00
1740.50
1561.43
1394.28
1472.71
1895.89
2182.45
780.25
1792.21
1765.09
764.69
281.44
1573.41
1417.90
1337.92
1073.56
771.02
1582.61
1734.47
1524.53
1731.91
1368.09
1448.34
974.16
1626.07
982.90
1165.40
1594.81
1212.70
1066.63
716.45
900.52
1792.62
2059.74
1739.02
1902.83
1185.59
1660.12
1655.14
1344.12
1323.20
1920.45
1290.57
1682.83
1695.50
1948.33
1552.10
1403.42
1536.74
1917.49
1023.77
863.02
1466.65
1571.99
967.75
1057.41
1159.29
1234.39
1692.06
1479.40
1363.12
1817.49
1626.59
1610.86
307.41
379.36
1941.75
1686.15
1050.89
1867.33
811.74
900.24
698.34
1725.71
1208.20
1999.73
829.46
1585.39
1447.24
742.28
1835.79
1152.15
599.81
1344.39
1740.19
1616.85
1306.12
1892.93
1451.87
642.51
1820.37
2085.57
1350.68
2111.01
1140.57
2137.48
1249.33
1809.69
954.31
1434.77
756.27
1167.32
1474.00
1459.14
1337.03
1516.88
695.03
728.84
1523.51
1199.36
1858.75
1905.75
1623.02
803.53
1438.66
1151.44
879.32
1333.63
716.11
1474.96
1398.84
1429.87
1417.44
1699.59
966.11
1080.35
1857.50
1387.23
1959.58
766.65
837.25
1824.84
929.47
1319.16
1683.55
1526.03
1323.09
179.66
1810.60
1319.92
1974.04
1327.86
1576.80
1247.24
1937.66
1721.81
1675.06
1642.23
1824.08
771.85
1862.36
1442.92
1539.27
1794.01
1804.30
1438.46
1338.89
1828.52
1719.81
1217.16
1786.39
1374.90
805.53
784.03
1412.04
1912.57
1079.96
902.95
1660.08
798.44
1589.01
1309.81
1166.02
1576.25
1503.42
1432.66
805.88
1682.34
1222.18
1140.44
1139.79
1492.38
1545.35
1559.96
1085.98
1233.58
863.78
1777.56
1157.06
1659.24
1078.70
2141.41
1859.30
1278.25
1825.10
1213.80
1773.74
1522.43
1181.83
1482.06
1563.85
1337.42
681.65
1637.05
1369.24
1066.41
2021.19
1373.73
1748.00
1127.54
1416.21
1193.72
1898.29
1568.00
1886.47
1717.81
1719.61
920.77
748.45
1612.99
787.42
1404.30
1093.77
1202.06
1250.98
1909.80
1734.56
1588.47
1198.99
888.58
1636.80
2123.58
1762.74
625.87
1286.10
1049.55
1584.16
1482.83
1566.55
1567.70
1477.31
185.85
1564.80
1790.11
1507.41
1643.12
1133.37
1909.28
1868.58
1069.54
561.27
2179.90
1199.89
1710.29
1722.20
1159.24
1906.80
1223.48
1758.83
1767.77
507.48
1300.16
204.53
1748.89
780.69
839.25
1817.85
1920.55
950.97
1399.98
1565.16
1932.33
1847.25
391.76
1621.11
1016.37
1859.12
1324.86
1962.80
1915.71
2005.20
1515.65
1713.26
1206.94
1451.98
671.52
1707.14
1478.18
1030.97
1169.61
1689.36
1329.91
1768.24
309.62
1699.02
1657.24
970.17
1084.44
747.74
1503.25
1241.83
1178.47
1218.75
1113.41
1538.84
1515.39
1121.45
1424.00
1517.03
1445.29
1400.67
1419.48
1830.25
1806.64
1116.79
1232.04
1132.92
1623.79
821.45
680.82
1298.81
875.02
1849.23
1411.75
811.84
1797.70
1133.28
1913.63
1362.17
1197.95
1361.70
764.06
1297.21
1312.98
1344.16
1860.54
836.31
1316.06
1453.83
1714.62
568.92
1415.26
1416.26
934.58
1890.92
1843.40
1097.21
1380.02
1330.66
1610.93
1744.17
1387.02
1291.32
744.73
2096.99
1237.96
2046.90
1226.69
782.55
1952.16
1386.34
1527.64
1210.78
1591.61
1536.34
1276.54
1293.58
893.22
1320.32
1353.29
1248.19
1510.08
721.03
1379.42
1123.19
1382.86
1471.09
1671.59
1949.28
1611.49
1282.02
1941.40
993.61
1445.36
1102.44
1676.91
1233.15
1223.09
1610.24
1643.60
1822.79
839.53
1279.25
2144.20
1812.63
1799.36
1441.64
1933.37
1801.45
2022.29
1611.13
1372.52
1549.81
1889.39
1448.89
1232.63
1432.52
1497.80
1265.80
723.43
1088.97
1848.38
1289.36
1563.01
1944.82
775.25
1614.60
868.18
1524.38
1856.78
371.99
1515.84
1408.24
1546.91
1644.82
1130.29
1342.82
742.04
569.14
1358.82
1717.14
1940.17
1971.02
1854.06
1498.16
1670.42
1705.88
1928.12
910.46
1804.81
572.09
902.85
1126.68
1519.49
984.45
1610.90
1192.07
1626.46
1587.23
1717.73
1387.97
1490.27
1717.75
1328.14
1703.42
1938.00
1624.33
1045.11
1325.67
1718.77
1241.17
1397.61
904.78
881.25
1525.05
1743.09
971.26
773.43
1141.39
1784.95
1415.63
1380.42
954.70
1852.80
1489.73
1609.02
1619.63
1460.89
1336.62
741.41
1366.40
1011.17
824.07
1777.85
1943.83
1291.50
1940.67
902.98
1389.19
1152.60
894.35
1082.29
1236.68
1583.15
1477.53
781.68
1516.74
1785.93
1403.19
1396.88
1686.17
1641.38
1952.13
1273.27
1051.97
1442.90
1812.83
1322.65
1250.60
1638.07
1145.14
486.64
1626.91
1670.00
794.72
1314.46
1196.73
851.81
1600.89
1226.10
1286.97
1144.97
1517.65
1673.28
1734.48
1817.91
1464.27
1449.74
1717.05
1763.52
1672.90
1903.57
1862.28
1588.04
1694.62
1216.06
1413.40
1241.37
1215.73
1751.63
1345.93
1202.00
1748.65
741.49
1851.87
1162.74
1069.19
1060.36
1904.15
1544.45
1526.78
1661.86
1452.77
1596.53
1009.63
1379.12
946.20
1503.32
1707.86
1024.87
1407.07
1491.44
995.35
1219.00
958.79
1577.55
1808.96
973.82
1314.69
756.16
1492.48
489.87
1055.56
900.26
1458.14
1577.37
2166.13
2092.35
1387.62
912.47
746.62
961.17
1865.65
1498.10
1312.04
1449.88
1527.24
1287.34
1912.80
1612.72
1079.90
2158.98
2123.88
1987.08
1651.05
1579.81
818.15
1460.30
1194.51
1484.79
1493.00
986.72
539.10
1933.06
1398.50
771.46
1487.92
1717.69
1304.40
1668.26
1907.69
989.55
790.63
1338.32
1735.55
731.89
723.32
582.21
1881.86
1605.50
1409.06
1925.22
1283.20
1939.75
1631.18
1370.85
1750.44
1917.31
1559.03
1243.17
1605.20
837.40
744.48
1541.39
1618.86
1725.72
1556.05
1006.68
1765.26
1825.57
1820.65
1971.66
1744.51
1681.30
1461.19
2176.61
1770.52
1216.83
816.47
763.65
1777.71
1164.76
1734.34
1741.43
1514.86
1235.48
1453.68
1301.94
1497.30
791.53
1277.08
1759.65
784.85
1679.66
1153.47
1660.49
1520.87
1135.68
799.77
1517.31
1478.48
1534.47
1504.98
1179.19
1759.98
1352.41
1523.89
1427.88
1831.03
960.60
1777.73
1810.36
1526.33
622.77
577.60
1801.18
1211.38
759.49
1606.48
1117.15
1690.36
1737.21
1540.26
1687.12
1840.12
1565.08
1850.75
1903.97
1297.44
1481.14
1495.08
1401.28
1202.16
1144.09
1524.94
1290.36
1320.22
1631.21
1656.87
1348.62
1506.55
1803.84
658.96
749.10
1735.77
1500.56
1464.63
1761.53
1644.02
1207.82
1058.03
1616.33
1355.70
1044.83
1900.11
1460.62
1851.83
1540.30
1856.49
1189.10
1462.80
1724.14
1781.95
2169.94
977.00
618.95
1307.41
1432.45
891.13
679.51
1841.71
1288.14
1810.83
1230.95
1710.21
1864.46
1778.45
919.82
1497.82
1681.85
1211.44
776.60
594.44
1205.69
1821.97
1750.82
707.92
1303.37
1512.68
1687.11
1554.89
1899.43
1980.35
1905.26
1495.19
1965.33
923.21
1284.59
474.25
1744.69
1500.46
1372.63
1529.51
1481.62
2161.63
1843.72
1796.91
1502.68
1438.17
1505.04
1736.58
1887.36
1952.67
1401.82
768.26
1578.36
1526.96
1260.14
1398.72
1272.33
1848.91
1201.97
1064.15
1186.20
486.64
1559.07
1611.32
1470.16
1403.96
1239.92
1158.03
1331.41
1132.57
547.97
1572.59
894.33
1609.29
1108.91
1887.16
938.21
1856.35
1826.10
1690.80
1639.89
1941.22
1212.31
1809.18
502.00
1210.30
2173.20
1005.41
1242.45
1390.06
1569.43
533.19
1520.98
1500.43
1350.21
1873.67
1914.24
314.31
1491.90
481.26
1642.36
1393.99
1588.10
1463.50
1830.35
2014.05
603.23
144.94
1395.04
1141.09
1192.65
1283.71
890.33
1776.92
851.49
1824.81
1549.70
793.88
792.84
1183.19
1755.13
1750.12
700.34
1659.15
1544.45
1076.19
548.22
719.84
1527.38
1238.95
1043.07
1443.04
872.33
1681.27
643.42
1191.15
1717.98
1622.35
2043.35
1685.45
1437.61
864.48
1734.48
743.28
1537.57
1260.43
1617.86
1312.39
1112.74
1521.50
1548.60
1579.26
1484.10
1909.42
1816.23
1878.30
745.49
1839.34
1344.96
1497.53
1914.66
1640.85
1770.50
659.48
1205.17
1314.48
1933.33
1442.89
1897.80
1752.30
798.17
1632.28
1703.87
1782.28
1102.21
1014.60
865.54
1534.66
2127.56
1104.31
1717.50
1605.56
1253.95
592.04
1728.09
862.18
1509.41
582.46
1116.93
1235.50
1319.16
1854.42
2007.42
830.63
1675.36
880.83
673.39
1320.87
1208.79
715.18
1501.39
1690.81
1201.68
1529.37
1201.90
1294.01
1613.97
1484.56
1227.39
1277.05
1376.53
419.70
583.17
1620.94
1197.05
1163.86
1109.39
1319.69
1076.28
870.29
1744.87
786.84
892.92
1388.77
1556.94
1537.35
1285.03
1575.70
1690.57
1684.86
1428.84
1911.82
1374.64
1659.66
1776.19
1084.90
1719.18
1537.25
1898.44
1420.81
1265.19
1725.03
1383.93
1864.63
1926.07
1909.43
1890.62
1621.46
1114.33
1615.52
1773.28
1293.10
1421.56
1148.81
1693.95
1922.24
1889.10
1972.75
1381.48
976.33
1379.15
1675.72
1267.51
1749.95
558.02
1494.06
506.69
1370.10
1968.29
1533.08
1607.81
974.08
804.92
1673.91
1413.89
1409.75
1488.42
1258.69
1916.15
1669.44
673.13
1217.83
1745.97
1267.72
1334.27
1509.22
1504.77
1196.74
734.82
457.42
1792.77
948.24
1730.37
1841.59
1604.18
1570.55
1959.53
920.74
1327.17
1523.04
1371.14
1261.03
665.07
1834.87
1635.81
1452.08
447.18
1146.07
1638.57
1657.83
928.62
1976.28
830.70
752.66
1375.34
1258.47
1790.27
813.90
1251.71
1913.33
2070.24
1890.22
1219.70
1092.03
653.31
1578.03
1445.77
1682.34
527.78
1724.57
1812.43
1725.80
1581.64
1715.77
944.46
745.54
1755.33
1725.92
1645.79
1503.64
1252.62
1442.19
1069.93
917.09
1981.73
1039.62
1369.46
1335.24
1197.85
1136.60
1552.22
1946.50
1405.66
683.83
1406.00
1041.39
1603.01
1504.88
1252.63
1713.51
1529.78
1566.38
1913.66
1426.81
992.69
1480.83
2121.46
1161.85
1625.56
1663.75
1065.78
1283.06
1501.73
1057.63
1548.00
754.65
1477.38
1082.11
932.19
1610.36
775.92
1412.56
1929.52
746.92
2166.26
1080.01
1170.91
892.94
1408.67
1793.03
1430.37
1494.44
1113.59
967.75
744.88
1801.69
1261.56
1860.54
1531.93
1720.88
1162.54
1513.32
1409.27
1841.18
1217.69
1326.21
1690.95
723.58
1919.85
1835.05
1850.02
1812.16
1760.48
1156.53
1692.19
279.43
1377.45
1159.47
1391.26
820.79
2151.12
1390.60
1413.23
901.95
1877.92
943.38
157.44
929.76
930.36
1925.14
1977.63
1768.58
1719.25
1968.12
1308.13
1521.25
978.12
1158.88
1524.15
962.90
851.90
1723.62
1190.43
751.57
1423.27
1697.67
1442.14
1669.93
1868.32
1101.19
1930.04
1616.22
1487.06
1744.62
1072.31
1294.81
863.87
1115.86
558.37
1532.55
1673.53
1816.48
1495.73
1231.28
1329.62
1302.93
591.83
1830.61
1793.23
1493.14
1776.14
1571.99
1381.32
2125.84
792.52
1207.30
778.48
1795.59
1426.86
1018.95
1305.67
1764.89
1857.14
1620.12
1450.80
745.73
1905.09
877.96
1380.85
1020.30
1337.70
1510.21
1310.13
1390.91
1159.33
1058.76
1967.94
1625.34
754.65
1851.19
1395.88
1849.44
593.15
1834.01
1456.80
526.44
1173.20
1104.08
272.11
1418.16
1125.74
1401.55
1673.33
1475.41
1298.91
1729.10
2137.61
626.51
1626.44
704.94
1645.12
1468.81
1184.82
917.42
1789.35
1911.44
1488.08
1236.71
1913.44
1140.34
1743.64
1453.46
1401.28
1222.41
1754.52
552.32
1085.35
976.12
1096.21
1837.40
778.15
1074.52
1888.33
1530.04
1185.92
351.76
1336.25
1206.58
1028.73
1093.29
781.28
1567.59
1612.41
1927.69
1461.49
1749.65
876.00
1487.91
1866.27
1623.32
1510.38
2167.45
1184.72
1210.43
1436.63
1147.85
2035.50
1818.99
1507.62
1093.26
1684.79
775.07
1409.29
791.78
1895.78
1453.40
1337.74
1525.40
1502.07
2099.64
1656.27
159.45
1582.55
1697.36
1327.25
1060.79
1469.44
1553.89
1339.84
950.54
1960.12
1478.51
1628.02
2071.69
1955.41
1511.06
1320.55
1613.98
1639.23
1397.74
387.88
1609.09
1816.03
1407.60
1264.51
1793.25
681.31
558.49
603.89
1879.64
1301.36
